*Vertices 111
6.782329983125268
7.681145747868608
8.717797887081348
7.211102550927978
9.1104335791443
9.38083151964686
5.291502622129181
8.888194417315589
7.280109889280518
9.695359714832659
8.06225774829855
8.602325267042627
8.426149773176359
7.0
8.660254037844387
8.18535277187245
6.855654600401044
8.831760866327848
8.0
7.874007874011811
7.745966692414834
7.615773105863909
5.477225575051661
10.14889156509222
3.605551275463989
8.888194417315589
8.18535277187245
6.0
10.246950765959598
9.0
6.6332495807108
7.937253933193772
7.14142842854285
7.3484692283495345
7.54983443527075
6.082762530298219
10.198039027185569
4.898979485566356
5.656854249492381
8.0
8.12403840463596
5.0990195135927845
6.928203230275509
7.937253933193772
8.48528137423857
6.082762530298219
5.196152422706632
8.54400374531753
9.0
4.47213595499958
9.9498743710662
7.3484692283495345
7.416198487095663
4.47213595499958
5.385164807134504
7.0710678118654755
9.899494936611665
5.385164807134504
14.317821063276353
7.280109889280518
4.898979485566356
7.615773105863909
8.0
141.2834031300209
7.3484692283495345
7.416198487095663
5.744562646538029
10.723805294763608
4.795831523312719
9.591663046625438
10.04987562112089
7.280109889280518
9.591663046625438
8.94427190999916
9.1104335791443
25.65151067676132
9.273618495495704
11.661903789690601
7.810249675906654
7.280109889280518
8.06225774829855
8.831760866327848
8.06225774829855
8.774964387392123
8.12403840463596
10.04987562112089
6.557438524302
4.47213595499958
9.38083151964686
5.744562646538029
9.433981132056603
9.38083151964686
8.366600265340756
4.58257569495584
7.54983443527075
8.12403840463596
8.12403840463596
8.94427190999916
8.94427190999916
8.717797887081348
6.6332495807108
10.392304845413264
5.0
7.681145747868608
8.06225774829855
8.774964387392123
7.280109889280518
9.16515138991168
6.4031242374328485
10.246950765959598
8.94427190999916
