*Vertices 1272
67.00746227100382
8.48528137423857
7.615773105863909
6.708203932499369
5.5677643628300215
5.5677643628300215
5.0990195135927845
5.0
4.898979485566356
4.898979485566356
4.795831523312719
4.69041575982343
4.58257569495584
4.358898943540674
4.358898943540674
4.358898943540674
4.242640687119285
4.242640687119285
4.242640687119285
4.242640687119285
4.242640687119285
4.123105625617661
4.123105625617661
4.123105625617661
4.123105625617661
4.123105625617661
4.123105625617661
4.123105625617661
4.123105625617661
4.123105625617661
4.0
4.0
4.0
4.0
4.0
4.0
3.872983346207417
3.872983346207417
3.872983346207417
3.872983346207417
3.872983346207417
3.872983346207417
3.7416573867739413
3.7416573867739413
3.7416573867739413
3.7416573867739413
3.7416573867739413
3.7416573867739413
3.7416573867739413
3.7416573867739413
3.7416573867739413
3.605551275463989
3.605551275463989
3.605551275463989
3.605551275463989
3.605551275463989
3.605551275463989
3.605551275463989
3.605551275463989
3.605551275463989
3.4641016151377544
3.4641016151377544
3.4641016151377544
3.4641016151377544
3.4641016151377544
3.4641016151377544
3.4641016151377544
3.4641016151377544
3.3166247903554
3.3166247903554
3.3166247903554
3.3166247903554
3.3166247903554
3.3166247903554
3.3166247903554
3.1622776601683795
3.1622776601683795
3.1622776601683795
3.1622776601683795
3.1622776601683795
3.1622776601683795
3.1622776601683795
3.0
3.0
3.0
3.0
3.0
3.0
3.0
3.0
3.0
3.0
3.0
3.0
3.0
3.0
3.0
3.0
3.0
3.0
2.8284271247461903
2.8284271247461903
2.8284271247461903
2.8284271247461903
2.8284271247461903
2.8284271247461903
2.8284271247461903
2.8284271247461903
2.8284271247461903
2.8284271247461903
2.8284271247461903
2.8284271247461903
2.8284271247461903
2.8284271247461903
2.8284271247461903
2.8284271247461903
2.8284271247461903
2.8284271247461903
2.8284271247461903
2.8284271247461903
2.8284271247461903
2.8284271247461903
2.8284271247461903
2.6457513110645907
2.6457513110645907
2.6457513110645907
2.6457513110645907
2.6457513110645907
2.6457513110645907
2.6457513110645907
2.6457513110645907
2.6457513110645907
2.6457513110645907
2.6457513110645907
2.6457513110645907
2.6457513110645907
2.6457513110645907
2.6457513110645907
2.6457513110645907
2.6457513110645907
2.6457513110645907
2.6457513110645907
2.6457513110645907
2.6457513110645907
2.6457513110645907
2.449489742783178
2.449489742783178
2.449489742783178
2.449489742783178
2.449489742783178
2.449489742783178
2.449489742783178
2.449489742783178
2.449489742783178
2.449489742783178
2.449489742783178
2.449489742783178
2.449489742783178
2.449489742783178
2.449489742783178
2.23606797749979
2.23606797749979
2.23606797749979
2.23606797749979
2.23606797749979
2.23606797749979
2.23606797749979
2.23606797749979
2.23606797749979
2.23606797749979
2.23606797749979
2.23606797749979
2.23606797749979
2.23606797749979
2.23606797749979
2.23606797749979
2.23606797749979
2.23606797749979
2.23606797749979
2.23606797749979
2.23606797749979
2.23606797749979
2.23606797749979
2.23606797749979
2.23606797749979
2.23606797749979
2.0
2.0
2.0
2.0
2.0
2.0
2.0
2.0
2.0
2.0
2.0
2.0
2.0
2.0
2.0
2.0
2.0
2.0
2.0
2.0
2.0
2.0
2.0
2.0
2.0
2.0
2.0
2.0
2.0
2.0
2.0
2.0
2.0
2.0
1.7320508075688772
1.7320508075688772
1.7320508075688772
1.7320508075688772
1.7320508075688772
1.7320508075688772
1.7320508075688772
1.7320508075688772
1.7320508075688772
1.7320508075688772
1.7320508075688772
1.7320508075688772
1.7320508075688772
1.7320508075688772
1.7320508075688772
1.7320508075688772
1.7320508075688772
1.7320508075688772
1.7320508075688772
1.7320508075688772
1.7320508075688772
1.7320508075688772
1.7320508075688772
1.7320508075688772
1.7320508075688772
1.7320508075688772
1.7320508075688772
1.7320508075688772
1.7320508075688772
1.7320508075688772
1.7320508075688772
1.7320508075688772
1.4142135623730951
1.4142135623730951
1.4142135623730951
1.4142135623730951
1.4142135623730951
1.4142135623730951
1.4142135623730951
1.4142135623730951
1.4142135623730951
1.4142135623730951
1.4142135623730951
1.4142135623730951
1.4142135623730951
1.4142135623730951
1.4142135623730951
1.4142135623730951
1.4142135623730951
1.4142135623730951
1.4142135623730951
1.4142135623730951
1.4142135623730951
1.4142135623730951
1.4142135623730951
1.4142135623730951
1.4142135623730951
1.4142135623730951
1.4142135623730951
1.4142135623730951
1.4142135623730951
1.4142135623730951
1.4142135623730951
1.4142135623730951
1.4142135623730951
1.4142135623730951
1.4142135623730951
1.4142135623730951
1.4142135623730951
1.4142135623730951
1.4142135623730951
1.4142135623730951
1.4142135623730951
1.4142135623730951
1.4142135623730951
1.4142135623730951
1.4142135623730951
1.4142135623730951
1.4142135623730951
1.4142135623730951
1.4142135623730951
1.4142135623730951
1.4142135623730951
1.4142135623730951
1.4142135623730951
1.4142135623730951
1.4142135623730951
1.4142135623730951
1.4142135623730951
1.4142135623730951
1.4142135623730951
1.4142135623730951
1.4142135623730951
1.4142135623730951
1.4142135623730951
1.4142135623730951
1.4142135623730951
1.4142135623730951
1.4142135623730951
1.4142135623730951
1.4142135623730951
1.4142135623730951
1.4142135623730951
1.4142135623730951
1.4142135623730951
1.4142135623730951
1.4142135623730951
1.4142135623730951
1.4142135623730951
1.4142135623730951
1.4142135623730951
1.4142135623730951
1.4142135623730951
1.4142135623730951
1.4142135623730951
1.4142135623730951
1.4142135623730951
1.4142135623730951
1.4142135623730951
1.4142135623730951
1.4142135623730951
1.4142135623730951
1.4142135623730951
1.4142135623730951
1.0
1.0
1.0
1.0
1.0
1.0
1.0
1.0
1.0
1.0
1.0
1.0
1.0
1.0
1.0
1.0
1.0
1.0
1.0
1.0
1.0
1.0
1.0
1.0
1.0
1.0
1.0
1.0
1.0
1.0
1.0
1.0
1.0
1.0
1.0
1.0
1.0
1.0
1.0
1.0
1.0
1.0
1.0
1.0
1.0
1.0
1.0
1.0
1.0
1.0
1.0
1.0
1.0
1.0
1.0
1.0
1.0
1.0
1.0
1.0
1.0
1.0
1.0
1.0
1.0
1.0
1.0
1.0
1.0
1.0
1.0
1.0
1.0
1.0
1.0
1.0
1.0
1.0
1.0
1.0
1.0
1.0
1.0
1.0
1.0
1.0
1.0
1.0
1.0
1.0
1.0
1.0
1.0
1.0
1.0
1.0
1.0
1.0
1.0
1.0
1.0
1.0
1.0
1.0
1.0
1.0
1.0
1.0
1.0
1.0
1.0
1.0
1.0
1.0
1.0
1.0
1.0
1.0
1.0
1.0
1.0
1.0
1.0
1.0
1.0
1.0
1.0
1.0
1.0
1.0
1.0
1.0
1.0
1.0
1.0
1.0
1.0
1.0
1.0
1.0
1.0
1.0
1.0
1.0
1.0
1.0
1.0
1.0
1.0
1.0
1.0
1.0
1.0
1.0
1.0
1.0
1.0
1.0
1.0
1.0
1.0
1.0
1.0
1.0
1.0
1.0
1.0
1.0
1.0
1.0
1.0
1.0
1.0
1.0
1.0
1.0
1.0
1.0
1.0
1.0
1.0
1.0
1.0
1.0
1.0
1.0
1.0
1.0
1.0
1.0
1.0
1.0
1.0
1.0
1.0
1.0
1.0
1.0
1.0
1.0
1.0
1.0
1.0
1.0
1.0
1.0
1.0
1.0
1.0
1.0
1.0
1.0
1.0
1.0
1.0
1.0
1.0
1.0
1.0
1.0
1.0
1.0
1.0
1.0
1.0
1.0
1.0
1.0
1.0
1.0
1.0
1.0
1.0
1.0
1.0
1.0
1.0
1.0
1.0
1.0
1.0
1.0
1.0
1.0
1.0
1.0
1.0
1.0
1.0
1.0
1.0
1.0
1.0
1.0
1.0
1.0
1.0
1.0
1.0
1.0
1.0
1.0
1.0
1.0
1.0
1.0
1.0
1.0
1.0
1.0
1.0
1.0
1.0
1.0
1.0
1.0
1.0
1.0
1.0
1.0
1.0
1.0
1.0
1.0
1.0
1.0
1.0
1.0
1.0
1.0
1.0
1.0
1.0
1.0
1.0
1.0
1.0
1.0
1.0
1.0
1.0
1.0
1.0
1.0
1.0
1.0
1.0
1.0
1.0
1.0
1.0
1.0
1.0
1.0
1.0
1.0
1.0
1.0
1.0
1.0
1.0
1.0
1.0
1.0
1.0
1.0
1.0
1.0
1.0
1.0
1.0
1.0
1.0
1.0
1.0
1.0
1.0
1.0
1.0
1.0
1.0
1.0
1.0
1.0
1.0
1.0
1.0
1.0
1.0
1.0
1.0
1.0
1.0
1.0
1.0
1.0
1.0
1.0
1.0
1.0
1.0
1.0
1.0
1.0
1.0
1.0
1.0
1.0
1.0
1.0
1.0
1.0
1.0
1.0
1.0
1.0
1.0
1.0
1.0
1.0
1.0
1.0
1.0
1.0
1.0
1.0
1.0
1.0
1.0
1.0
1.0
1.0
1.0
1.0
1.0
1.0
1.0
1.0
1.0
1.0
1.0
1.0
1.0
1.0
1.0
1.0
1.0
1.0
1.0
1.0
1.0
1.0
1.0
1.0
1.0
1.0
1.0
1.0
1.0
1.0
1.0
1.0
1.0
1.0
1.0
1.0
1.0
1.0
1.0
1.0
1.0
1.0
1.0
1.0
1.0
1.0
1.0
1.0
1.0
1.0
1.0
1.0
1.0
1.0
1.0
1.0
1.0
1.0
1.0
1.0
1.0
1.0
1.0
1.0
1.0
1.0
1.0
1.0
1.0
1.0
1.0
1.0
1.0
1.0
1.0
1.0
1.0
1.0
1.0
1.0
1.0
1.0
1.0
1.0
1.0
1.0
1.0
1.0
1.0
1.0
1.0
1.0
1.0
1.0
1.0
1.0
1.0
1.0
1.0
1.0
1.0
1.0
1.0
1.0
1.0
1.0
1.0
1.0
1.0
1.0
1.0
1.0
1.0
1.0
1.0
1.0
1.0
1.0
1.0
1.0
1.0
1.0
1.0
1.0
1.0
1.0
1.0
1.0
1.0
1.0
1.0
1.0
1.0
1.0
1.0
1.0
1.0
1.0
1.0
1.0
1.0
1.0
1.0
1.0
1.0
1.0
1.0
1.0
1.0
1.0
1.0
1.0
1.0
1.0
1.0
1.0
1.0
1.0
1.0
1.0
1.0
1.0
1.0
1.0
1.0
1.0
1.0
1.0
1.0
1.0
1.0
1.0
1.0
1.0
1.0
1.0
1.0
1.0
1.0
1.0
1.0
1.0
1.0
1.0
1.0
1.0
1.0
1.0
1.0
1.0
1.0
1.0
1.0
1.0
1.0
1.0
1.0
1.0
1.0
1.0
1.0
1.0
1.0
1.0
1.0
1.0
1.0
1.0
1.0
1.0
1.0
1.0
1.0
1.0
1.0
1.0
1.0
1.0
1.0
1.0
1.0
1.0
1.0
1.0
1.0
1.0
1.0
1.0
1.0
1.0
1.0
1.0
1.0
1.0
1.0
1.0
1.0
1.0
1.0
1.0
1.0
1.0
1.0
1.0
1.0
1.0
1.0
1.0
1.0
1.0
1.0
1.0
1.0
1.0
1.0
1.0
1.0
1.0
1.0
1.0
1.0
1.0
1.0
1.0
1.0
1.0
1.0
1.0
1.0
1.0
1.0
1.0
1.0
1.0
1.0
1.0
1.0
1.0
1.0
1.0
1.0
1.0
1.0
1.0
1.0
1.0
1.0
1.0
1.0
1.0
1.0
1.0
1.0
1.0
1.0
1.0
1.0
1.0
1.0
1.0
1.0
1.0
1.0
1.0
1.0
1.0
1.0
1.0
1.0
1.0
1.0
1.0
1.0
1.0
1.0
1.0
1.0
1.0
1.0
1.0
1.0
1.0
1.0
1.0
1.0
1.0
1.0
1.0
1.0
1.0
1.0
1.0
1.0
1.0
1.0
1.0
1.0
1.0
1.0
1.0
1.0
1.0
1.0
1.0
1.0
1.0
1.0
1.0
1.0
1.0
1.0
1.0
1.0
1.0
1.0
1.0
1.0
1.0
1.0
1.0
1.0
1.0
1.0
1.0
1.0
1.0
1.0
1.0
1.0
1.0
1.0
1.0
1.0
1.0
1.0
1.0
1.0
1.0
1.0
1.0
1.0
1.0
1.0
1.0
1.0
1.0
1.0
1.0
1.0
1.0
1.0
1.0
1.0
1.0
1.0
1.0
1.0
1.0
1.0
1.0
1.0
1.0
1.0
1.0
1.0
1.0
1.0
1.0
1.0
1.0
1.0
1.0
1.0
1.0
1.0
1.0
1.0
1.0
1.0
1.0
1.0
1.0
1.0
1.0
1.0
1.0
1.0
1.0
1.0
1.0
1.0
1.0
1.0
1.0
1.0
1.0
1.0
1.0
1.0
1.0
1.0
1.0
1.0
1.0
1.0
1.0
1.0
1.0
1.0
1.0
1.0
1.0
1.0
1.0
1.0
1.0
1.0
1.0
1.0
1.0
1.0
1.0
1.0
1.0
1.0
1.0
1.0
1.0
1.0
1.0
1.0
1.0
1.0
1.0
1.0
1.0
1.0
1.0
1.0
1.0
1.0
1.0
1.0
1.0
1.0
1.0
1.0
1.0
1.0
1.0
1.0
1.0
1.0
1.0
1.0
1.0
1.0
1.0
1.0
1.0
1.0
1.0
1.0
1.0
1.0
1.0
1.0
1.0
1.0
1.0
1.0
1.0
1.0
1.0
1.0
1.0
1.0
1.0
1.0
1.0
1.0
1.0
1.0
1.0
1.0
1.0
1.0
1.0
1.0
1.0
1.0
1.0
1.0
1.0
1.0
1.0
1.0
1.0
